,y
0,10119
1,10037
2,10029
3,9965
4,9935
5,9886
6,10008
7,10020
8,9941
9,9981
10,10148
11,9864
12,10019
13,10099
14,10202
15,9937
16,10066
17,9938
18,10004
19,10116
20,10020
21,9877
22,9964
23,10022
24,10197
25,9933
26,9948
27,9960
28,9991
29,10093
30,9895
31,10096
32,9858
33,10267
34,10039
35,10121
36,10184
37,10073
38,10174
39,10210
40,9999
41,10105
42,10075
43,9968
44,10012
45,9831
46,10097
47,9937
48,10129
49,9935
50,9978
51,10128
52,9981
53,10005
54,10189
55,9964
56,9903
57,10032
58,9949
59,10167
60,10017
61,9928
62,9983
63,9876
64,9926
65,10097
66,9903
67,10030
68,10104
69,9936
70,9856
71,9928
72,9996
73,9891
74,10072
75,9777
76,9825
77,9879
78,9997
79,10099
80,10219
81,10122
82,10069
83,10084
84,10336
85,10272
86,10157
87,10226
88,10058
89,10208
90,10002
91,10065
92,10138
93,10141
94,9936
95,10077
96,9975
97,10094
98,10104
99,10102
100,10036
101,10014
102,10009
103,10034
104,9937
105,10052
106,10191
107,10001
108,9992
109,9964
110,9920
111,9941
112,10068
113,10022
114,9997
115,10002
116,10028
117,10067
118,9981
119,9845
120,10413
121,10320
122,10267
123,10293
124,10232
125,10260
126,10227
127,10326
128,10219
129,10242
130,10240
131,10120
132,10203
133,10035
134,10035
135,10256
136,10187
137,10114
138,10408
139,10137
140,10065
141,10134
142,10164
143,10120
144,10329
145,10352
146,10278
147,10268
148,10137
149,10271
150,10090
151,10120
152,10169
153,10062
154,10193
155,10065
156,10044
157,10374
158,10377
159,10109
160,10435
161,10516
162,10478
163,10374
164,10437
165,10351
166,10524
167,10453
168,10557
169,10482
170,10375
171,10481
172,10467
173,10270
174,10417
175,10407
176,10283
177,10601
178,10377
179,10499
180,10304
181,10198
182,10386
183,10569
184,10280
185,10231
186,10402
187,10406
188,10325
189,10223
190,10240
191,10240
192,10306
193,10197
194,10362
195,10405
196,10154
197,10321
198,10132
199,10343
200,10825
201,10688
202,10907
203,10940
204,10707
205,10669
206,10718
207,10711
208,10935
209,10804
210,10594
211,10605
212,10680
213,10674
214,10684
215,10584
216,10721
217,10762
218,10552
219,10620
220,10281
221,10613
222,10630
223,10699
224,10550
225,10575
226,10620
227,10407
228,10470
229,10561
230,10587
231,10554
232,10498
233,10500
234,10555
235,10456
236,10446
237,10507
238,10615
239,10420
240,11147
241,11095
242,11145
243,11107
244,11141
245,11069
246,11354
247,11363
248,11086
249,10935
250,11061
251,11120
252,10935
253,11102
254,10936
255,11084
256,11060
257,10853
258,11138
259,10916
260,10954
261,11035
262,11052
263,10741
264,11073
265,11012
266,10930
267,10940
268,10807
269,10849
270,10829
271,10746
272,10630
273,10578
274,11042
275,10671
276,10730
277,10695
278,10934
279,10733
280,11554
281,11686
282,11583
283,11552
284,11594
285,11686
286,11764
287,11493
288,11644
289,11562
290,11449
291,11545
292,11444
293,11310
294,11413
295,11265
296,11520
297,11444
298,11390
299,11430
300,11137
301,11202
302,11196
303,11289
304,11305
305,11348
306,11216
307,11319
308,11206
309,11214
310,11150
311,11250
312,11003
313,11143
314,11248
315,11011
316,11110
317,11144
318,11125
319,11085
320,11997
321,12171
322,12111
323,11937
324,12084
325,12126
326,12102
327,12303
328,12042
329,12048
330,11937
331,11765
332,12098
333,11911
334,12068
335,12150
336,11932
337,11974
338,11811
339,11904
340,11592
341,11668
342,11517
343,11703
344,11716
345,11854
346,11700
347,11796
348,11848
349,11678
350,11547
351,11598
352,11408
353,11760
354,11583
355,11662
356,11623
357,11618
358,11790
359,11689
360,12548
361,12764
362,12641
363,12782
364,12585
365,13027
366,12532
367,12868
368,12657
369,12633
370,12640
371,12530
372,12604
373,12689
374,12370
375,12484
376,12537
377,12452
378,12406
379,12594
380,12459
381,12424
382,12396
383,12484
384,12157
385,12506
386,12177
387,12402
388,12314
389,12268
390,12124
391,12194
392,12247
393,12082
394,12297
395,12178
396,12087
397,12020
398,12043
399,12218
400,13527
401,13568
402,13225
403,13383
404,13184
405,13082
406,13477
407,13321
408,13404
409,13232
410,13111
411,12926
412,13054
413,13212
414,13216
415,13262
416,13135
417,13150
418,13255
419,13311
420,12882
421,12923
422,12907
423,12959
424,12860
425,12919
426,13052
427,12940
428,12943
429,12891
430,12669
431,12762
432,12599
433,12646
434,12800
435,12676
436,12916
437,12833
438,12634
439,12701
440,14170
441,14188
442,14127
443,14056
444,14054
445,14109
446,14087
447,14123
448,14179
449,14393
450,13916
451,13514
452,14095
453,13912
454,13963
455,13961
456,13765
457,13735
458,14054
459,14097
460,13490
461,13526
462,13761
463,13666
464,13851
465,13488
466,13715
467,13554
468,13666
469,13535
470,13422
471,13346
472,13329
473,13352
474,13479
475,13262
476,13399
477,13506
478,13307
479,13211
480,14723
481,14992
482,14759
483,14928
484,14733
485,14900
486,15153
487,14804
488,15116
489,14874
490,14613
491,14615
492,14493
493,14584
494,14527
495,14557
496,14564
497,14655
498,14530
499,14608
500,14519
501,14520
502,14405
503,14338
504,14285
505,14473
506,14388
507,14505
508,14454
509,14331
510,14116
511,14162
512,14257
513,14226
514,14103
515,14148
516,13905
517,14018
518,14330
519,14034
