,Random forest,Rede Neural
0,0.9943670070400221,0.9533602217266685
1,0.9941921826980641,0.9529919675809388
2,0.9936115808336021,0.9524232610429231
3,0.9942660604731011,0.9532145566682105
4,0.9940895090928379,0.9522284607182169
5,0.9941649343141516,0.952590193034491
6,0.9940963601035845,0.9519282477790931
7,0.9941422275731716,0.9518421104047938
8,0.9943879897767198,0.9535090123891463
9,0.9943052193839106,0.9523688925827699
10,0.9941537930455292,0.9522952680664802
11,0.9941613154466407,0.9522199769592126
12,0.9940354741699506,0.9518707620024454
13,0.9941980227232354,0.9531852638748599
14,0.9942255621955084,0.9535180079335326
15,0.9940143439612503,0.9521733164661939
16,0.9943060198187798,0.9523357590015676
17,0.9943041891663607,0.9528813676957688
18,0.9941870895800043,0.9518714627775486
19,0.9937579925530533,0.9513150698282106
20,0.99414168474085,0.9519451590961532
21,0.9939641028861423,0.9505555770277436
22,0.9940792181596662,0.9524483003308137
23,0.9941027135521117,0.9516408362246823
24,0.9941527755384328,0.9527669515025876
25,0.9940692386619373,0.952094755537032
26,0.9940902099658689,0.9514955408983743
27,0.994046489570454,0.9521649840744711
28,0.9940167124587445,0.9521423970828117
29,0.9940670695210372,0.9525761666486894
30,0.9942916159596831,0.9519827195485101
31,0.9942831553218067,0.9533838228145057
32,0.99396987509184,0.9520958886196459
33,0.9938019288954859,0.9517619262372394
34,0.9942158921925023,0.9534468735514869
35,0.9941599633974386,0.9520681212027446
36,0.9940472210456616,0.9526251099713647
37,0.9940877454949486,0.9532157021580339
38,0.9940359234908727,0.9519114773159473
39,0.9940022118166887,0.9521842629536698
40,0.9941826512094961,0.9520284783006778
41,0.9942195639489789,0.9536997178240219
42,0.9942285371927634,0.9524418744770369
43,0.9942468234636717,0.9510700837793126
44,0.994204043080656,0.9535602832779266
45,0.9937991435037489,0.9521031100437295
46,0.9942854327259857,0.9525304388237853
47,0.9938157952178251,0.951731338180363
48,0.9941806041441913,0.9527575009964139
49,0.9940777802686686,0.9519325375275747
50,0.9939865652804754,0.9518317547227284
51,0.9940880390202549,0.9520372658954962
52,0.994150052027957,0.9531973041770474
53,0.9939929063709771,0.9513276953646571
54,0.9940019606416446,0.9512419412666521
55,0.9941692442340513,0.9512488652358956
56,0.9941871631604895,0.9526169182820896
57,0.9939401327864289,0.9511039052127751
58,0.9940614255469166,0.9517022887907649
59,0.9940996985586672,0.9517292091022345
60,0.9942136404725114,0.9518141615023861
61,0.993959006034232,0.9525552208838842
62,0.9940136849452342,0.9513041152008336
63,0.9939453866125383,0.951866288396926
64,0.9941739922294646,0.9524203451493474
65,0.9942235271908769,0.9533535739704849
66,0.9941506392409094,0.9525264475342541
67,0.9938730275065233,0.952346851298705
68,0.99425852370071,0.9525180121375876
69,0.99394269608684,0.9512462045817831
70,0.9941660116860376,0.9508372717370094
71,0.9938572545193715,0.9516909062767478
72,0.9941442140573404,0.9515434302478736
73,0.9938684944151476,0.9501339471408967
74,0.9940147372404556,0.9518244209940445
75,0.9941837939846495,0.952010504000447
76,0.9941673586106852,0.9520819572107468
77,0.9940518619791163,0.9526049311161481
78,0.9939875429815237,0.9523172361587617
79,0.994199574887193,0.9520592259135009
80,0.9941254608026917,0.9524497953527075
81,0.9940811898505343,0.952461614163609
82,0.9940250376068972,0.9526391065668767
83,0.9941446125603667,0.9534585659617368
84,0.9941490133331989,0.9523404746994537
85,0.9939974243916978,0.951113702607374
86,0.9939265687545156,0.951789888825451
87,0.9941023170434556,0.95118103233762
88,0.9941818332361277,0.9523940652883608
89,0.9942388737617487,0.9522842382557789
90,0.994409942623542,0.952665067361137
91,0.9942375136648526,0.9505376666833104
92,0.9940905169641683,0.9534556660222387
93,0.994153893747504,0.9533267161351111
94,0.9941376165963678,0.9524259306657858
95,0.994149202285263,0.9518344780003412
96,0.9938420496006483,0.9502648816018533
97,0.9940767474096146,0.9512296627056142
98,0.9940298997513313,0.951634116255758
99,0.9940994980770486,0.9518361301377501
100,0.994019743083725,0.9521893400068487
101,0.9939277461326614,0.9524949407194304
102,0.994120655764976,0.9514610760336183
103,0.9941452959216169,0.9522858663976809
104,0.9941312879459151,0.9502776519014395
105,0.993718489976666,0.9502369218492849
106,0.9939546017740714,0.9506098641648725
107,0.9940880416923497,0.9517199105453027
108,0.9940836058175015,0.9516177596370781
109,0.9939986988114086,0.9502264693128145
110,0.9942259028219205,0.9511589987248648
111,0.9942483880922668,0.9524332631139119
112,0.9938323947130291,0.9488691206241361
113,0.9937396048716801,0.952823856219649
114,0.9942146868319165,0.9513842549581131
115,0.9941259949026815,0.9527516751200847
116,0.9941834056831187,0.9513656715152653
117,0.9940948709372803,0.9511829528451232
118,0.9939627578899094,0.9511442548335911
119,0.9941819699503244,0.9521474574907932
