,y
0,10020
1,9950
2,10088
3,9841
4,9997
5,10000
6,10035
7,9888
8,10101
9,9987
10,10115
11,9934
12,10075
13,10135
14,9756
15,9962
16,10045
17,10036
18,10132
19,10108
20,10136
21,9878
22,10053
23,9922
24,10102
25,10012
26,9939
27,9975
28,10099
29,10029
30,9999
31,10133
32,10149
33,10046
34,10050
35,10034
36,10100
37,10054
38,10115
39,10117
40,9996
41,10018
42,10091
43,10085
44,10221
45,10134
46,10058
47,10091
48,10001
49,10109
50,10005
51,10067
52,10139
53,10156
54,9906
55,10059
56,10011
57,10084
58,10100
59,9996
60,9859
61,10051
62,10119
63,10024
64,10112
65,10149
66,9901
67,10000
68,9980
69,10060
70,10034
71,9999
72,10063
73,9674
74,9889
75,9894
76,10016
77,9860
78,9947
79,10015
80,10168
81,10087
82,9840
83,10059
84,10062
85,10111
86,10123
87,9945
88,10178
89,10194
90,10084
91,10152
92,10045
93,10293
94,10271
95,10144
96,9998
97,9998
98,10161
99,9938
100,9904
101,10184
102,10036
103,10143
104,10042
105,10069
106,9945
107,10136
108,10100
109,10022
110,10019
111,9867
112,9975
113,9965
114,9824
115,9963
116,10065
117,9935
118,10132
119,10070
120,10411
121,10241
122,10175
123,10268
124,10144
125,10116
126,10265
127,10228
128,10359
129,10142
130,10210
131,10193
132,10268
133,9999
134,10250
135,10235
136,10208
137,10175
138,10221
139,10191
140,10152
141,10140
142,10168
143,10185
144,10313
145,10156
146,10297
147,10021
148,10248
149,10035
150,10167
151,9968
152,9974
153,10055
154,10155
155,10088
156,10233
157,10073
158,10279
159,10049
160,10517
161,10792
162,10527
163,10613
164,10416
165,10429
166,10574
167,10405
168,10508
169,10562
170,10179
171,10400
172,10498
173,10402
174,10546
175,10302
176,10381
177,10327
178,10357
179,10449
180,10275
181,10414
182,10235
183,10273
184,10356
185,10163
186,10254
187,10270
188,10175
189,10297
190,10196
191,10296
192,10350
193,10233
194,10142
195,10190
196,10320
197,10196
198,10380
199,10499
200,10675
201,10804
202,11008
203,10762
204,10611
205,10650
206,10655
207,10668
208,10842
209,10991
210,10830
211,10516
212,10776
213,10762
214,10584
215,10528
216,10633
217,10759
218,10812
219,10946
220,10669
221,10694
222,10480
223,10549
224,10670
225,10774
226,10404
227,10522
228,10744
229,10522
230,10633
231,10627
232,10566
233,10283
234,10366
235,10516
236,10558
237,10598
238,10421
239,10162
240,11383
241,11270
242,11269
243,11247
244,11269
245,11253
246,10982
247,11221
248,11058
249,11046
250,11028
251,10965
252,10962
253,10969
254,11290
255,10917
256,11067
257,10996
258,11036
259,11104
260,10819
261,10984
262,10973
263,10944
264,10871
265,10886
266,11032
267,10708
268,10831
269,11053
270,10757
271,10745
272,10679
273,10855
274,10767
275,10832
276,10816
277,10777
278,10990
279,10672
280,11672
281,11625
282,11714
283,11474
284,11522
285,11618
286,11576
287,11594
288,11569
289,11620
290,11529
291,11320
292,11555
293,11385
294,11422
295,11225
296,11564
297,11618
298,11350
299,11166
300,11329
301,11274
302,11259
303,11243
304,11250
305,11234
306,11312
307,11318
308,11251
309,11317
310,11176
311,11290
312,11291
313,11188
314,11103
315,11118
316,10931
317,11035
318,11233
319,11151
320,12035
321,11940
322,12193
323,12314
324,11977
325,12225
326,12191
327,12075
328,12246
329,12099
330,11822
331,11955
332,11928
333,12025
334,11893
335,11834
336,11977
337,12005
338,12063
339,12035
340,11702
341,11809
342,11501
343,11939
344,11680
345,11834
346,11871
347,11681
348,11812
349,11912
350,11593
351,11576
352,11690
353,11659
354,11568
355,11383
356,11589
357,11519
358,11609
359,11540
360,12576
361,12665
362,12679
363,12748
364,12696
365,12678
366,12550
367,12836
368,12679
369,12740
370,12416
371,12550
372,12467
373,12540
374,12397
375,12395
376,12587
377,12691
378,12453
379,12367
380,12226
381,12299
382,12179
383,12447
384,12230
385,12175
386,12253
387,12247
388,12319
389,12374
390,12072
391,12007
392,12206
393,11868
394,11907
395,12053
396,12107
397,12097
398,12226
399,12028
400,13392
401,13553
402,13237
403,13369
404,13371
405,13098
406,13342
407,13361
408,13319
409,13344
410,13343
411,13144
412,13096
413,13212
414,13047
415,13324
416,13174
417,13155
418,13156
419,13160
420,12837
421,12962
422,12913
423,13041
424,12715
425,12683
426,13083
427,13039
428,12932
429,12865
430,12753
431,12824
432,12685
433,12502
434,12562
435,12681
436,12620
437,12740
438,12519
439,12713
440,14164
441,14082
442,14118
443,14098
444,14056
445,14056
446,14026
447,13897
448,13959
449,14297
450,14090
451,13932
452,13707
453,14015
454,13801
455,13930
456,13818
457,13628
458,13749
459,13813
460,13469
461,13497
462,13843
463,13633
464,13545
465,13391
466,13551
467,13626
468,13778
469,13627
470,13728
471,13324
472,13456
473,13310
474,13552
475,13309
476,13571
477,13221
478,13152
479,13485
480,15093
481,14851
482,14676
483,14917
484,14940
485,15035
486,14787
487,14829
488,14780
489,14870
490,14580
491,14465
492,14626
493,14514
494,14666
495,14600
496,14484
497,14437
498,14759
499,14657
500,14270
501,14342
502,14190
503,14440
504,14436
505,14346
506,14291
507,14082
508,14500
509,14263
510,14217
511,13937
512,14101
513,14343
514,14064
515,14298
516,14093
517,13999
518,13885
519,14139
