,Random forest,Rede Neural
0,0.9934236692600444,0.9500718486511819
1,0.993395115584993,0.9507348755254249
2,0.9931249892687586,0.9500210723753917
3,0.9933419695896726,0.9498595078624638
4,0.9932964255263774,0.9494898038628629
5,0.993338086985687,0.9494627839486164
6,0.9932360201814735,0.9490439889869379
7,0.9933262658655971,0.9485065254228452
8,0.9933933654129209,0.9499428324448326
9,0.9935632930791224,0.9504576533503455
10,0.9933075571221777,0.948827771196917
11,0.9934501411183817,0.9508403081637423
12,0.9932485900058537,0.9487884957793407
13,0.9932712655962181,0.9493158574832942
14,0.9934892276948342,0.9502485872914359
15,0.9933293015779604,0.9490130430927675
16,0.9934786138228999,0.9497323023946123
17,0.9934801583928117,0.9491989274266057
18,0.9935588677668015,0.9495825050808167
19,0.9933728072923851,0.948203371253458
20,0.9934702984522629,0.9493834825900258
21,0.9929502434625416,0.9473199384868456
22,0.9933044276614181,0.9499308884923069
23,0.993348208403704,0.9494156632899182
24,0.9932942912036987,0.9494306116429764
25,0.9933295945876643,0.9495337089658866
26,0.9933084369109777,0.9486818047510406
27,0.9933815256559007,0.9498433079425566
28,0.9933019314845106,0.9499474736208174
29,0.993323014427529,0.9499769979396954
30,0.99348310856738,0.9495558246420917
31,0.9933369377161878,0.9502942231655649
32,0.9935118447074673,0.9497766824650548
33,0.9930770973194072,0.948153151413831
34,0.9935158955737793,0.9502376843550291
35,0.9931467611423719,0.9494716783822037
36,0.9933953917673879,0.9503752672664876
37,0.9930688956067663,0.9496890926958956
38,0.9934330517440191,0.9493866682333438
39,0.993635335960092,0.9490543648234787
40,0.9933168043564594,0.9500244256731415
41,0.9932784217278148,0.9498108402993898
42,0.9933494694022293,0.9495221376547487
43,0.9933511828862489,0.9480751766218786
44,0.9933368447865887,0.9499046601905421
45,0.9931921381164243,0.9493628056415963
46,0.993190256459569,0.9501793717525319
47,0.9934091712552832,0.9492816394373218
48,0.9933524991419134,0.9493065607626605
49,0.9933362252192841,0.9494141045660737
50,0.9931826459868706,0.9494212356594958
51,0.9932023004323824,0.9492413037522903
52,0.993377163637129,0.9500798845738128
53,0.9930900492690153,0.9480402366565673
54,0.9932413028376652,0.9480084525788938
55,0.9932164742960137,0.9494985259840959
56,0.9934562656352105,0.9497057681370581
57,0.9933991342269977,0.9494150788800727
58,0.9930176450702952,0.9488234178823062
59,0.9934450614099155,0.9493801605789635
60,0.9930058829796746,0.94993050250681
61,0.9932402633892208,0.949300284998737
62,0.9934326578053685,0.9487060434271211
63,0.9934056016603133,0.9478033008571776
64,0.9930587601624626,0.9479099510980706
65,0.993454992090631,0.9499564647564107
66,0.9933631998587081,0.95017646344425
67,0.9930313134723556,0.9483331478555757
68,0.9933068711987945,0.9502806175700392
69,0.9935565190966645,0.9479605515028972
70,0.993339224193722,0.9484606414276261
71,0.9932633871330981,0.948960189828661
72,0.9934094873458996,0.9482712917242131
73,0.9930650696017468,0.9478282429222423
74,0.9930624831237667,0.9495188916467574
75,0.9933711437215675,0.9495053872170234
76,0.9932296446909893,0.9492136311505435
77,0.9933621594985051,0.9501097615857752
78,0.9934704203905709,0.9487124989949638
79,0.9932618743135976,0.9495359459207615
80,0.993645034082958,0.9504490593489227
81,0.993430684486983,0.9500444398770795
82,0.9932231251529311,0.949880025125946
83,0.9933811269292651,0.9502638755412522
84,0.993246758429329,0.9497473671542277
85,0.9934201781746579,0.9493860972198211
86,0.9933051156978235,0.9492345789246706
87,0.9933083616645648,0.9480222914619111
88,0.9935611229434878,0.9498378233367719
89,0.9935629605418738,0.9491112392190522
90,0.9933580106098745,0.9498864885161262
91,0.9934039175963647,0.9489218286081279
92,0.9931700968751997,0.948958688269971
93,0.9932821275635264,0.9507251721431847
94,0.9931993328521884,0.9493990618814543
95,0.993123328715391,0.9502187944550551
96,0.993194319937788,0.9485362419644028
97,0.9930369544780249,0.9491081977377565
98,0.9930753194290393,0.9493725828168866
99,0.9933190605355777,0.9505460363779459
100,0.9931464196028804,0.9480495369685764
101,0.9932433207463898,0.9497839733578223
102,0.9934349385831984,0.9488857631523235
103,0.9932196556641889,0.949999026040891
104,0.9934167064484705,0.9490013875777871
105,0.993153932449254,0.9483068539312651
106,0.99306352590212,0.9489136878478334
107,0.9932366391836324,0.9483330784292937
108,0.9932811775276184,0.9479621223653742
109,0.9935278727190484,0.9482937273062406
110,0.9935063297682344,0.9499153925762052
111,0.9933719294879717,0.9488502599665362
112,0.9932853810910475,0.9467585221700148
113,0.9930645549428079,0.949823120372867
114,0.9932966496546027,0.9490145233320009
115,0.9933513556867182,0.9484667417837567
116,0.9933416892564966,0.948313967991551
117,0.9934077651037185,0.9483804497220543
118,0.9932602804893321,0.9489564908800648
119,0.9934492607709128,0.9499250691126532
